GAT layers 5 Cora

[(25.11479399142987, 62.000000389913716, 94.61538195610046, 0.0), (25.343800336228117, 15.787546249727407, 70.32967209815979, 0.0), (6.670855913503459, 92.36111144224803, 96.52777910232544, 59.02777910232544), (21.645321259091656, 80.20898605386417, 96.86520099639893, 0.0), (10.279308851020044, 83.24384758869807, 95.97315192222595, 44.29530203342438), (19.94876331224845, 79.09385085105896, 98.05825352668762, 0.0), (33.645980680969835, 22.864583333333332, 95.3125, 0.0)]

GraphSAGE layers 5 Cora

[(27.744926818787093, 59.20512795448303, 93.07692050933838, 7.6923079788684845), (33.90530466974703, 32.747253477573395, 85.71428656578064, 0.0), (18.491894024017434, 86.13425900538762, 95.83333134651184, 0.0), (4.040873849305387, 86.80250803629558, 98.11912178993225, 77.11598873138428), (6.581674469772068, 87.49440729618073, 95.30201554298401, 61.07382774353027), (33.71095235414074, 67.50809072206418, 96.11650705337524, 0.0), (37.455822876891354, 38.541666666666664, 93.75, 0.0)]

GIN layers 5 Cora

[(3.589206819301246, 1.1025641268740098, 16.923077404499054, 0.0), (20.59889260218881, 8.717948999255896, 70.32967209815979, 0.0), (31.329179676693833, 56.50462937851747, 85.41666865348816, 0.0), (28.745992260416646, 69.05956074595451, 98.74607920646667, 0.0), (28.884792968987572, 16.33109614873926, 96.64429426193237, 0.0), (1.0635389565169513, 0.19417475908994675, 5.825242772698402, 0.0), (0.0, 0.0, 0.0, 0.0)]

GAT layers 5 Coauthor

[(43.7709099864625, 46.73708929369847, 96.47887349128723, 0.0), (0.0, 0.0, 0.0, 0.0), (38.93724162320188, 46.81300833821297, 98.78048896789551, 0.0), (0.0, 0.0, 0.0, 0.0), (33.146085030768496, 20.80047789650659, 93.18996667861938, 0.0), (37.84712733092327, 49.92406937526539, 97.72209525108337, 0.0), (0.0, 0.0, 0.0, 0.0), (24.788630980543505, 9.891891994824013, 95.67567706108093, 0.0), (3.2578313596427804, 0.7311827937761942, 17.419354617595673, 0.0), (0.0, 0.0, 0.0, 0.0), (25.48739739636244, 86.85121087978284, 99.30796027183533, 0.0), (32.13470652476558, 77.51023698054875, 98.77150058746338, 0.0), (16.953316789729307, 3.0952380100886026, 92.85714030265808, 0.0), (20.117924730357387, 90.97020983695984, 99.75845217704773, 0.0), (35.715284533297506, 24.431818295270205, 98.29545617103577, 0.0)]

GraphSAGE layers 5 Coauthor

[(3.3327463684617107, 91.90140883127849, 96.47887349128723, 83.09859037399292), (9.90906402323726, 63.22580615679423, 78.49462628364563, 39.78494703769684), (5.734614811369098, 85.97560962041219, 94.39024329185486, 75.36585330963135), (4.1700157035636325, 87.94573624928792, 96.51162624359131, 81.39534592628479), (2.7367186496623197, 93.94265254338582, 97.8494644165039, 87.45519518852234), (3.0569978730274716, 91.56416118144989, 96.12756371498108, 82.68792629241943), (5.595838787139025, 82.40000009536743, 92.00000166893005, 66.66666865348816), (4.54456183899893, 89.58558559417725, 96.21621370315552, 75.13513565063477), (6.614517367495892, 81.74193541208903, 91.61290526390076, 70.32257914543152), (4.0055037764791255, 78.33333353201549, 87.5, 70.83333134651184), (2.111485894213092, 93.74855816364288, 97.9238748550415, 90.31141996383667), (2.0434873177783466, 94.1031934817632, 97.54299521446228, 87.2235894203186), (6.821951056104152, 92.50000019868214, 97.6190447807312, 61.90476417541504), (1.1297204497473186, 97.15781092643738, 99.15459156036377, 94.08212304115295), (4.564232442696439, 92.48106022675832, 98.29545617103577, 78.40909361839294)]


GIN layers 5 Coauthor

[(15.814885280269394, 6.032863880197207, 59.85915660858154, 0.0), (1.374214351715089, 0.25089606642723083, 7.526881992816925, 0.0), (34.81608783703242, 19.772357718708616, 93.90243887901306, 0.0), (4.435665398110261, 1.16279070576032, 18.60465109348297, 0.0), (28.91982651436497, 12.843488631770015, 89.24731016159058, 0.0), (18.231944748100325, 12.103264956579855, 57.175397872924805, 0.0), (2.7050871070285574, 0.5777777607242266, 14.666666090488434, 0.0), (28.201293706308462, 12.86486484731237, 94.05405521392822, 0.0), (15.493770607082622, 4.236559093308945, 76.12903118133545, 0.0), (0.0, 0.0, 0.0, 0.0), (31.84217479026454, 12.964244548541805, 99.65397715568542, 0.0), (27.2572926192004, 15.208844914256284, 99.75429773330688, 0.0), (6.737856728647644, 1.2301587065060933, 36.9047611951828, 0.0), (34.280095440633836, 24.162640924332663, 95.89372277259827, 0.0), (25.2465105861258, 11.174242415775856, 96.02272510528564, 0.0)]


