GAT layers 2 Cora

[(2.447017516539126, 77.33333329359691, 83.07692408561707, 73.84615540504456), (3.7033896213033817, 78.27838957309723, 86.81318759918213, 70.32967209815979), (0.918211082573273, 91.5972226858139, 93.05555820465088, 89.58333134651184), (1.6472988745557788, 87.52351065476735, 90.59560894966125, 84.01253819465637), (1.384247159194307, 86.73378050327301, 89.9328887462616, 83.22147727012634), (1.8819602851178003, 84.82200682163239, 87.37863898277283, 79.61165308952332), (1.9828025435539813, 81.40625, 85.9375, 75.0)]

GraphSAGE layers 2 Cora

[(3.3520855238018807, 74.53846196333568, 80.7692289352417, 69.2307710647583), (1.9728222625651572, 79.26740050315857, 83.51648449897766, 75.82417726516724), (1.0863402815863343, 91.6435194015503, 93.75, 89.58333134651184), (1.3842478315470539, 88.54754428068797, 91.22257232666016, 84.32601690292358), (3.2771802537652523, 85.81655442714691, 91.27516746520996, 79.1946291923523), (3.0928500898670523, 83.20388376712799, 89.3203854560852, 76.69903039932251), (3.096131020943812, 87.08333333333333, 93.75, 79.6875)]

GIN layers 2 Cora

[(15.067464189744332, 65.641025553147, 85.38461327552795, 23.076923191547394), (10.434672829345237, 67.91208972533543, 79.1208803653717, 29.67033088207245), (7.790175756888736, 84.88425930341084, 93.05555820465088, 55.55555820465088), (8.071377355050023, 86.38453523317973, 96.2382435798645, 51.724135875701904), (15.512174869959175, 81.67785281936328, 95.30201554298401, 22.14765101671219), (23.280502989705653, 68.28478952248891, 94.17475461959839, 0.0), (33.4668521803815, 36.197916666666664, 90.625, 0.0)]

GAT layers 2 Coauthor

[(3.5500673285949094, 90.39906164010365, 95.77465057373047, 82.39436745643616), (28.017792913118154, 27.491039199133713, 77.4193525314331, 0.0), (5.536873387830301, 89.66666678587596, 97.07317352294922, 77.07316875457764), (11.518868213465652, 85.96899161736171, 95.34883499145508, 45.34883797168732), (3.565145189686481, 89.10394330819447, 97.13261723518372, 81.36200904846191), (4.396997580929195, 88.78511786460876, 96.5831458568573, 77.22095847129822), (13.025095619443302, 67.28888879219691, 89.33333158493042, 21.33333384990692), (16.88806059595834, 85.65765798091888, 95.67567706108093, 0.0), (17.960077528653056, 68.98924698432286, 87.09677457809448, 22.580644488334656), (10.698766574430891, 60.000000298023224, 75.0, 29.16666567325592), (2.2629062842975776, 92.14532852172852, 96.53978943824768, 85.467129945755), (5.067910720581574, 89.68059003353119, 96.56019806861877, 77.64127850532532), (3.7143011943864335, 90.11904716491699, 95.23809552192688, 80.95238208770752), (1.9683901678549505, 95.74476639429729, 99.0338146686554, 91.54589176177979), (4.656748903631651, 90.9090906381607, 96.02272510528564, 69.88636255264282)]

GraphSAGE layers 2 Coauthor

[(1.2804021135304555, 96.52582208315532, 98.591548204422, 92.95774698257446), (5.72715300579267, 77.31182833512624, 89.24731016159058, 60.2150559425354), (1.2726033224743605, 92.31707413991292, 95.60975432395935, 89.75609540939331), (2.1012492776040177, 90.58139642079671, 95.34883499145508, 87.20930218696594), (0.9722098444129855, 96.21266444524129, 97.8494644165039, 94.26523447036743), (3.0450734026823136, 93.46241434415181, 96.35535478591919, 82.46013522148132), (2.7703970637787494, 85.86666663487752, 92.00000166893005, 80.0000011920929), (1.0172187261253267, 91.40540579954784, 93.51351261138916, 88.64864706993103), (3.4093850627204656, 86.27956986427307, 91.61290526390076, 75.48387050628662), (0.0, 79.16666865348816, 79.16666865348816, 79.16666865348816), (0.8045928135625893, 94.87889329592387, 96.19377255439758, 93.07958483695984), (1.5087225127338926, 95.44635514418285, 98.77150058746338, 92.62899160385132), (0.8082278133914415, 94.56349154313405, 96.42857313156128, 92.85714030265808), (0.3321668641398136, 97.31481492519379, 97.9468584060669, 96.6183602809906), (0.8996117609512787, 94.37499940395355, 96.02272510528564, 92.61363744735718)]


GIN layers 2 Coauthor

[(29.83800232859406, 25.63380278646946, 86.61971688270569, 0.0), (14.219376573127173, 5.627240119501948, 68.81720423698425, 0.0), (24.835444923514316, 67.6829270971939, 89.02438879013062, 0.2439024392515421), (0.29500945436898374, 0.07751937955617905, 1.1627906933426857, 0.0), (23.834959578934107, 71.85185197119911, 93.54838728904724, 0.716845877468586), (22.152237989324952, 69.94684850176175, 97.03872203826904, 0.0), (0.48686450734927295, 0.08888889104127884, 2.666666731238365, 0.0), (32.39640182394511, 68.19819803039233, 95.13513445854187, 0.0), (24.222427225703218, 20.215053549036384, 80.64516186714172, 0.0), (0.0, 0.0, 0.0, 0.0), (21.238625352742545, 85.0173008441925, 95.15570998191833, 3.4602075815200806), (16.536763151564323, 80.95004106561343, 98.03439974784851, 16.461916267871857), (38.032776852611825, 46.30952397982279, 95.23809552192688, 0.0), (15.890003401066588, 91.25201304753621, 99.15459156036377, 18.59903335571289), (22.861906813862795, 77.5946971277396, 96.59090638160706, 0.0)]