******SYNTAX*****: [(std, mean, max, min)] foreach class

GIN Cora

[(2.7082389200512913, 74.25641020139058, 79.23076748847961, 69.9999988079071), (2.180365208032608, 77.10622847080231, 81.31868243217468, 73.62637519836426), (1.259322169438527, 89.8842587073644, 92.36111044883728, 86.11111044883728), (1.2861584899213871, 89.91640567779541, 91.84952974319458, 87.14733719825745), (1.6314650370953754, 85.52572727203369, 87.91946172714233, 81.20805621147156), (1.4576125227878896, 82.75080939133962, 86.40776872634888, 79.61165308952332), (2.705810883250997, 81.30208333333333, 85.9375, 70.3125)]

Node2Vec Cora

[(3.294268816077156, 55.43589743589744, 61.53846153846154, 49.23076923076923), (3.5974942941729724, 60.65934065934066, 68.13186813186813, 53.84615384615385), (1.9272927627158696, 85.57870370370371, 88.88888888888889, 81.25), (2.331958276988545, 66.08150470219435, 70.53291536050156, 60.81504702194357), (3.953470194637085, 56.84563758389262, 67.11409395973155, 49.664429530201346), (4.6786636941949, 60.711974110032365, 69.90291262135922, 49.51456310679612), (5.5407564501816795, 41.666666666666664, 51.5625, 31.25)]


GIN Coauthor

[(2.945599375136237, 89.27230099836986, 94.36619877815247, 82.39436745643616), (12.74883945320056, 51.254479785760246, 75.26881694793701, 26.88172161579132), (3.569795879664263, 88.12195082505544, 92.68292784690857, 79.0243923664093), (9.135091275183356, 77.8294571240743, 91.86046719551086, 53.48837375640869), (1.469348410307862, 93.70370348294576, 95.69892287254333, 88.17204236984253), (3.8015490460586228, 90.88078955809276, 96.12756371498108, 81.77676796913147), (11.825551574701366, 63.46666678786278, 78.66666913032532, 22.66666740179062), (5.238684668885236, 86.09008967876434, 95.13513445854187, 76.21621489524841), (16.01600743750549, 63.913978499670826, 85.161292552948, 5.161290243268013), (13.176156798210213, 54.16666626930237, 66.66666865348816, 0.0), (2.0414989945297615, 90.61130344867706, 94.46367025375366, 87.19723224639893), (2.994974167348583, 93.0303031206131, 97.7886974811554, 87.96069025993347), (2.9560070602207347, 90.23809552192688, 95.23809552192688, 82.14285969734192), (0.7732271285028901, 97.08937267462413, 98.18840622901917, 95.04830837249756), (4.400442730730356, 88.90151540438335, 94.31818127632141, 72.15909361839294)]


Node2Vec Coauthor


[(2.249368847377555, 71.17370892018779, 76.05633802816901, 66.19718309859155), (2.4856340995815516, 61.32616487455197, 65.59139784946237, 55.91397849462365), (1.3747805918248581, 84.20325203252033, 87.3170731707317, 81.95121951219512), (4.142156077031262, 82.55813953488372, 89.53488372093024, 73.25581395348837), (1.1245389429863788, 90.72879330943847, 92.831541218638, 88.17204301075269), (1.0514384722094712, 87.7600607441154, 89.29384965831434, 84.96583143507974), (3.067232997848499, 67.28888888888889, 72.0, 60.0), (1.3787224929689421, 87.74774774774775, 90.27027027027027, 84.32432432432432), (2.103110701541474, 70.21505376344086, 74.83870967741936, 66.45161290322581), (6.436396745472899, 65.0, 75.0, 50.0), (0.8528350224640546, 92.09919261822377, 94.11764705882352, 90.65743944636678), (1.0202147402179365, 89.92628992628993, 91.64619164619164, 87.71498771498771), (2.48801437894186, 87.6984126984127, 92.85714285714286, 83.33333333333334), (0.46828894875464383, 94.80676328502415, 95.77294685990339, 93.59903381642512), (1.5772288365033853, 92.34848484848484, 95.45454545454545, 88.63636363636364)]


GIN Arxiv

[(0.4698298770235839, 0.12345679104328156, 1.8518518656492233, 0.0), (0.4590159644118624, 0.23172905979057154, 2.139037474989891, 0.0), (5.581113002759717, 50.18190085887909, 57.298773527145386, 29.33151423931122), (1.936759837545659, 2.920489275517563, 7.339449226856232, 0.0), (10.66111016003572, 32.51828069488207, 44.3552702665329, 8.400213718414307), (8.851317979469359, 27.113429332772892, 38.68378698825836, 6.821829825639725), (2.6066577528366506, 3.2851017949481807, 10.450160503387451, 0.0), (0.5657447954686999, 0.24875621311366558, 1.4925372786819935, 0.0), (7.827681587263868, 38.38933351139227, 49.12000000476837, 11.760000139474869), (2.7903163740955113, 6.241545906911294, 11.594203114509583, 0.0), (5.187583748359873, 44.5910652478536, 52.027493715286255, 28.797250986099243), (0.07639087077785783, 0.013947001037498316, 0.41841003112494946, 0.0), (0.0, 0.0, 0.0, 0.0), (0.08079876926210451, 0.021231422821680706, 0.31847134232521057, 0.0), (0.649483139138228, 0.23474177966515222, 2.816901355981827, 0.0), (0.5986556986459117, 0.3065134088198344, 2.298850566148758, 0.0), (3.177640786529126, 77.91193425655365, 86.84738278388977, 72.46348857879639), (0.0, 0.0, 0.0, 0.0), (2.371298334921402, 2.0574162962536016, 10.047847032546997, 0.0), (9.143871680553014, 23.556085843592882, 38.42481970787048, 0.0), (6.585058958666975, 15.101171508431435, 29.712459444999695, 0.0), (0.0, 0.0, 0.0, 0.0), (1.7484758107306486, 2.167530215034882, 6.994818896055222, 0.0), (6.378873787567094, 25.082508164147537, 35.76732575893402, 3.217821940779686), (8.240326146831437, 28.13966487844785, 40.2420848608017, 10.083799064159393), (0.9978229700977412, 0.8140350924804807, 4.42105270922184, 0.0), (8.67769563186711, 31.92763353387515, 45.5331414937973, 8.741594851016998), (11.881664251522308, 28.64149725685517, 42.497581243515015, 0.0), (2.887773699063315, 82.5073120991389, 90.27729034423828, 78.86977791786194), (0.0, 0.0, 0.0, 0.0), (12.714551544012274, 47.56783978392681, 59.339237213134766, 0.215936079621315), (2.5332753258182907, 2.384155450078348, 10.98654717206955, 0.0), (0.4901663698995011, 0.24096384644508362, 1.204819232225418, 0.0), (1.0086544617135407, 0.818181800035139, 3.6363635212183, 0.0), (6.054096499231156, 43.191890716552734, 51.343703269958496, 28.50070595741272), (0.0, 0.0, 0.0, 0.0), (9.51932243824116, 34.715576941768326, 48.32535982131958, 7.655502110719681), (5.816527034440702, 9.868329868962368, 21.205821633338928, 0.0), (9.241346251055488, 36.059190134207405, 56.07476830482483, 20.093457400798798), (1.5309902353979736, 1.0904584894888103, 5.576208233833313, 0.0)]


